%YAML:1.0
cameraMatrix: !!opencv-matrix
   rows: 3
   cols: 3
   dt: d
   data: [ 3.5883724348016722e+02, 0., 2.5578531055492189e+02, 0.,
       3.5917251630394549e+02, 2.0355450858475095e+02, 0., 0., 1. ]
distortionCoefficients: !!opencv-matrix
   rows: 1
   cols: 5
   dt: d
   data: [ 1.2294071788535410e-01, -4.2439485115278497e-01,
       -8.0962763228120552e-04, 2.0320160211081502e-03,
       2.5312557546457964e-01 ]
rotation: !!opencv-matrix
   rows: 3
   cols: 3
   dt: d
   data: [ 1., 0., 0., 0., 1., 0., 0., 0., 1. ]
projection: !!opencv-matrix
   rows: 4
   cols: 4
   dt: d
   data: [ 3.5883724348016722e+02, 0., 2.5578531055492189e+02, 0., 0.,
       3.5917251630394549e+02, 2.0355450858475095e+02, 0., 0., 0., 1.,
       0., 0., 0., 0., 1. ]
