%YAML:1.0
rotation: !!opencv-matrix
   rows: 3
   cols: 3
   dt: d
   data: [ 9.9997768006338883e-01, 3.3340006910927622e-03,
       -5.7899753397104422e-03, -3.3627892550073335e-03,
       9.9998199748709371e-01, -4.9695422473868276e-03,
       5.7733026483174502e-03, 4.9889017943780247e-03,
       9.9997088949399771e-01 ]
translation: !!opencv-matrix
   rows: 3
   cols: 1
   dt: d
   data: [ -5.1205242639803389e-02, 4.9156959288697061e-04,
       -2.4644309999656924e-03 ]
essential: !!opencv-matrix
   rows: 3
   cols: 3
   dt: d
   data: [ -5.4493820539449295e-06, 2.4668390264388244e-03,
       4.7930818907728699e-04, -2.1687526310818759e-03,
       2.4724151223024123e-04, 5.1218021023996391e-02,
       -3.1936618133564319e-04, -5.1205959710124302e-02,
       2.5731279240676341e-04 ]
fundamental: !!opencv-matrix
   rows: 3
   cols: 3
   dt: d
   data: [ -4.7394751792774196e-09, 2.1434740057697233e-06,
       -2.8551399155863001e-04, -1.8831327257029859e-06,
       2.1447995880491660e-07, 1.6396488081764034e-02,
       7.3714438276153082e-04, -4.8731276410580830e-02, 1. ]
