%YAML:1.0
depthShift: -3.2981373410651059e+01
