%YAML:1.0
cameraMatrix: !!opencv-matrix
   rows: 3
   cols: 3
   dt: d
   data: [ 1.0452185559613902e+03, 0., 9.8401361827405481e+02, 0.,
       1.0469337382811082e+03, 5.4313859532209221e+02, 0., 0., 1. ]
distortionCoefficients: !!opencv-matrix
   rows: 1
   cols: 5
   dt: d
   data: [ 2.7681826911914333e-04, 1.4958095817401962e-01,
       2.7810933607229344e-04, 4.4391612573540249e-03,
       -3.2725416008790553e-01 ]
rotation: !!opencv-matrix
   rows: 3
   cols: 3
   dt: d
   data: [ 1., 0., 0., 0., 1., 0., 0., 0., 1. ]
projection: !!opencv-matrix
   rows: 4
   cols: 4
   dt: d
   data: [ 1.0452185559613902e+03, 0., 9.8401361827405481e+02, 0., 0.,
       1.0469337382811082e+03, 5.4313859532209221e+02, 0., 0., 0., 1.,
       0., 0., 0., 0., 1. ]
