%YAML:1.0
cameraMatrix: !!opencv-matrix
   rows: 3
   cols: 3
   dt: d
   data: [ 5.2470135479470707e+02, 0., 4.8347040095971983e+02, 0.,
       5.2477078951527301e+02, 2.7454865259729013e+02, 0., 0., 1. ]
distortionCoefficients: !!opencv-matrix
   rows: 1
   cols: 5
   dt: d
   data: [ -8.6159775433055988e-03, 1.6981378009303535e-01,
       3.0311322176307161e-03, -1.8016034758016148e-03,
       -3.0933400985539689e-01 ]
rotation: !!opencv-matrix
   rows: 3
   cols: 3
   dt: d
   data: [ 1., 0., 0., 0., 1., 0., 0., 0., 1. ]
projection: !!opencv-matrix
   rows: 4
   cols: 4
   dt: d
   data: [ 5.2470135479470707e+02, 0., 4.8347040095971983e+02, 0., 0.,
       5.2477078951527301e+02, 2.7454865259729013e+02, 0., 0., 0., 1.,
       0., 0., 0., 0., 1. ]
