%YAML:1.0
cameraMatrix: !!opencv-matrix
   rows: 3
   cols: 3
   dt: d
   data: [ 3.5267955298659393e+02, 0., 2.5616110971681735e+02, 0.,
       3.5261210436321380e+02, 2.0511795799248031e+02, 0., 0., 1. ]
distortionCoefficients: !!opencv-matrix
   rows: 1
   cols: 5
   dt: d
   data: [ 3.6388279919690465e-02, 7.0498709584867730e-02,
       1.2726906075322512e-03, 2.3646846579267332e-03,
       -8.0197371712870169e-01 ]
rotation: !!opencv-matrix
   rows: 3
   cols: 3
   dt: d
   data: [ 1., 0., 0., 0., 1., 0., 0., 0., 1. ]
projection: !!opencv-matrix
   rows: 4
   cols: 4
   dt: d
   data: [ 3.5267955298659393e+02, 0., 2.5616110971681735e+02, 0., 0.,
       3.5261210436321380e+02, 2.0511795799248031e+02, 0., 0., 0., 1.,
       0., 0., 0., 0., 1. ]
