%YAML:1.0
rotation: !!opencv-matrix
   rows: 3
   cols: 3
   dt: d
   data: [ 9.9988714714881965e-01, 2.7154259695246412e-03,
       1.4775636311123214e-02, -2.5923912576209314e-03,
       9.9996186410035359e-01, -8.3396554193356266e-03,
       -1.4797718545842201e-02, 8.3004100350449368e-03,
       9.9985605499946240e-01 ]
translation: !!opencv-matrix
   rows: 3
   cols: 1
   dt: d
   data: [ -5.2748574510980265e-02, 9.8117291473543301e-04,
       9.2371842598541511e-03 ]
essential: !!opencv-matrix
   rows: 3
   cols: 3
   dt: d
   data: [ 9.4272750832210077e-06, -9.2286878540146170e-03,
       1.0580666135717885e-03, 8.4555832579656775e-03,
       4.6291768722974834e-04, 5.2877466892556367e-02,
       -8.4431724316027254e-04, -5.2749227199049488e-02,
       4.2540748113627019e-04 ]
fundamental: !!opencv-matrix
   rows: 3
   cols: 3
   dt: d
   data: [ 3.4010760798882865e-08, -3.3300686692941160e-05,
       8.1680996246036325e-03, 3.0501153937497831e-05,
       1.6701656206869843e-06, 5.9114549738225559e-02,
       -9.9887560509129471e-03, -8.4230133072919794e-02, 1. ]
