%YAML:1.0
depthShift: -3.2192727823439093e+01
